-1.418729126453399658e-01
1.472644209861755371e-01
4.319021850824356079e-02
-8.697096258401870728e-03
-1.133145093917846680e-01
-5.187948420643806458e-02
-4.120410606265068054e-02
-1.445046365261077881e-01
1.168804615736007690e-01
-4.808162525296211243e-02
2.132502943277359009e-01
-8.231211453676223755e-02
-2.420777380466461182e-01
-1.118886247277259827e-01
-5.223060026764869690e-02
1.673225462436676025e-01
-1.455340236425399780e-01
-1.760510802268981934e-01
-4.261387884616851807e-02
-7.925061509013175964e-03
1.406468152999877930e-01
5.194003507494926453e-02
-3.308465331792831421e-02
3.448668867349624634e-02
-1.073180809617042542e-01
-3.397769629955291748e-01
-8.358997106552124023e-02
-1.103062108159065247e-01
2.941654808819293976e-02
-5.369663983583450317e-02
-3.433335572481155396e-02
5.133493244647979736e-02
-1.844387799501419067e-01
-1.031200885772705078e-01
5.507136881351470947e-02
9.886606037616729736e-02
-2.041298709809780121e-02
-2.704057469964027405e-02
1.828306317329406738e-01
-3.683713823556900024e-02
-2.253563404083251953e-01
2.402258664369583130e-02
1.438153088092803955e-01
2.464931309223175049e-01
1.723723858594894409e-01
5.377515777945518494e-02
6.402837485074996948e-02
-1.219161674380302429e-01
9.052947163581848145e-02
-9.657996892929077148e-02
4.463292285799980164e-02
1.926602274179458618e-01
1.279242187738418579e-01
8.248316496610641479e-02
5.479896068572998047e-02
-1.501396894454956055e-01
-1.948911696672439575e-03
1.121065393090248108e-01
-1.746980696916580200e-01
8.213169127702713013e-02
1.323764324188232422e-01
-9.460732340812683105e-02
-6.351625174283981323e-02
-8.388683944940567017e-02
1.656522154808044434e-01
-1.111958175897598267e-03
-7.320947200059890747e-02
-2.093877792358398438e-01
1.430133581161499023e-01
-2.060887664556503296e-01
-1.471462398767471313e-01
6.029725819826126099e-02
-1.614559590816497803e-01
-1.690468341112136841e-01
-3.128128647804260254e-01
3.713563084602355957e-03
3.480163514614105225e-01
1.079315245151519775e-01
-1.886416524648666382e-01
1.280525028705596924e-01
5.086733773350715637e-02
-5.420016497373580933e-02
1.086253747344017029e-01
1.688643395900726318e-01
2.837163768708705902e-02
5.814512819051742554e-02
-9.214106202125549316e-02
-1.412064954638481140e-02
2.259883731603622437e-01
-3.327062726020812988e-02
1.944523677229881287e-02
2.026717662811279297e-01
1.607984304428100586e-04
1.248858589679002762e-02
4.698736965656280518e-02
-5.745558999478816986e-03
-6.476023048162460327e-02
-5.883255973458290100e-03
-1.194728836417198181e-01
-4.747801274061203003e-02
-6.955519318580627441e-03
-6.220705807209014893e-02
-3.094159625470638275e-02
5.414925515651702881e-02
-1.185633167624473572e-01
9.754715114831924438e-02
-1.682989858090877533e-02
6.234078481793403625e-02
-8.774549514055252075e-02
-4.437747597694396973e-02
-8.487058430910110474e-02
-3.090593218803405762e-02
1.606033891439437866e-01
-1.664646714925765991e-01
2.276435494422912598e-01
1.524192392826080322e-01
2.178840897977352142e-02
8.897249400615692139e-02
1.304889321327209473e-01
9.422619640827178955e-02
3.590934723615646362e-02
7.220366969704627991e-04
-2.086578607559204102e-01
-8.182755112648010254e-02
9.037894010543823242e-02
-7.046718895435333252e-02
1.055511832237243652e-01
1.726604625582695007e-02
